{
 "cells": [
  {
   "cell_type": "markdown",
   "id": "114993a6-ba94-4235-a5f7-3cf9c37adc7e",
   "metadata": {},
   "source": [
    "# Import Libraries"
   ]
  },
  {
   "cell_type": "code",
   "execution_count": 1,
   "id": "b0fd914a-1051-495d-bb5b-3c54b85d0b49",
   "metadata": {},
   "outputs": [],
   "source": [
    "import pandas as pd\n",
    "import numpy as np\n",
    "import seaborn as sns\n",
    "import matplotlib.pyplot as plt"
   ]
  },
  {
   "cell_type": "markdown",
   "id": "5ebd0666-91cf-42ff-a1ef-db9637305d76",
   "metadata": {},
   "source": [
    "# Load Air DataFrame"
   ]
  },
  {
   "cell_type": "code",
   "execution_count": 8,
   "id": "ef332630-d938-4596-89a5-24b0bebf4e6f",
   "metadata": {},
   "outputs": [
    {
     "data": {
      "text/html": [
       "<div>\n",
       "<style scoped>\n",
       "    .dataframe tbody tr th:only-of-type {\n",
       "        vertical-align: middle;\n",
       "    }\n",
       "\n",
       "    .dataframe tbody tr th {\n",
       "        vertical-align: top;\n",
       "    }\n",
       "\n",
       "    .dataframe thead th {\n",
       "        text-align: right;\n",
       "    }\n",
       "</style>\n",
       "<table border=\"1\" class=\"dataframe\">\n",
       "  <thead>\n",
       "    <tr style=\"text-align: right;\">\n",
       "      <th></th>\n",
       "      <th>Date</th>\n",
       "      <th>Time</th>\n",
       "      <th>CO(GT)</th>\n",
       "      <th>PT08.S1(CO)</th>\n",
       "      <th>NMHC(GT)</th>\n",
       "      <th>C6H6(GT)</th>\n",
       "      <th>PT08.S2(NMHC)</th>\n",
       "      <th>NOx(GT)</th>\n",
       "      <th>PT08.S3(NOx)</th>\n",
       "      <th>NO2(GT)</th>\n",
       "      <th>PT08.S4(NO2)</th>\n",
       "      <th>PT08.S5(O3)</th>\n",
       "      <th>T</th>\n",
       "      <th>RH</th>\n",
       "      <th>AH</th>\n",
       "    </tr>\n",
       "  </thead>\n",
       "  <tbody>\n",
       "    <tr>\n",
       "      <th>0</th>\n",
       "      <td>2004-03-10</td>\n",
       "      <td>18:00:00</td>\n",
       "      <td>2.6</td>\n",
       "      <td>1360.00</td>\n",
       "      <td>150</td>\n",
       "      <td>11.881723</td>\n",
       "      <td>1045.50</td>\n",
       "      <td>166.0</td>\n",
       "      <td>1056.25</td>\n",
       "      <td>113.0</td>\n",
       "      <td>1692.00</td>\n",
       "      <td>1267.50</td>\n",
       "      <td>13.60</td>\n",
       "      <td>48.875001</td>\n",
       "      <td>0.757754</td>\n",
       "    </tr>\n",
       "    <tr>\n",
       "      <th>1</th>\n",
       "      <td>2004-03-10</td>\n",
       "      <td>19:00:00</td>\n",
       "      <td>2.0</td>\n",
       "      <td>1292.25</td>\n",
       "      <td>112</td>\n",
       "      <td>9.397165</td>\n",
       "      <td>954.75</td>\n",
       "      <td>103.0</td>\n",
       "      <td>1173.75</td>\n",
       "      <td>92.0</td>\n",
       "      <td>1558.75</td>\n",
       "      <td>972.25</td>\n",
       "      <td>13.30</td>\n",
       "      <td>47.700000</td>\n",
       "      <td>0.725487</td>\n",
       "    </tr>\n",
       "    <tr>\n",
       "      <th>2</th>\n",
       "      <td>2004-03-10</td>\n",
       "      <td>20:00:00</td>\n",
       "      <td>2.2</td>\n",
       "      <td>1402.00</td>\n",
       "      <td>88</td>\n",
       "      <td>8.997817</td>\n",
       "      <td>939.25</td>\n",
       "      <td>131.0</td>\n",
       "      <td>1140.00</td>\n",
       "      <td>114.0</td>\n",
       "      <td>1554.50</td>\n",
       "      <td>1074.00</td>\n",
       "      <td>11.90</td>\n",
       "      <td>53.975000</td>\n",
       "      <td>0.750239</td>\n",
       "    </tr>\n",
       "    <tr>\n",
       "      <th>3</th>\n",
       "      <td>2004-03-10</td>\n",
       "      <td>21:00:00</td>\n",
       "      <td>2.2</td>\n",
       "      <td>1375.50</td>\n",
       "      <td>80</td>\n",
       "      <td>9.228796</td>\n",
       "      <td>948.25</td>\n",
       "      <td>172.0</td>\n",
       "      <td>1092.00</td>\n",
       "      <td>122.0</td>\n",
       "      <td>1583.75</td>\n",
       "      <td>1203.25</td>\n",
       "      <td>11.00</td>\n",
       "      <td>60.000000</td>\n",
       "      <td>0.786713</td>\n",
       "    </tr>\n",
       "    <tr>\n",
       "      <th>4</th>\n",
       "      <td>2004-03-10</td>\n",
       "      <td>22:00:00</td>\n",
       "      <td>1.6</td>\n",
       "      <td>1272.25</td>\n",
       "      <td>51</td>\n",
       "      <td>6.518224</td>\n",
       "      <td>835.50</td>\n",
       "      <td>131.0</td>\n",
       "      <td>1205.00</td>\n",
       "      <td>116.0</td>\n",
       "      <td>1490.00</td>\n",
       "      <td>1110.00</td>\n",
       "      <td>11.15</td>\n",
       "      <td>59.575001</td>\n",
       "      <td>0.788794</td>\n",
       "    </tr>\n",
       "  </tbody>\n",
       "</table>\n",
       "</div>"
      ],
      "text/plain": [
       "        Date      Time  CO(GT)  PT08.S1(CO)  NMHC(GT)   C6H6(GT)  \\\n",
       "0 2004-03-10  18:00:00     2.6      1360.00       150  11.881723   \n",
       "1 2004-03-10  19:00:00     2.0      1292.25       112   9.397165   \n",
       "2 2004-03-10  20:00:00     2.2      1402.00        88   8.997817   \n",
       "3 2004-03-10  21:00:00     2.2      1375.50        80   9.228796   \n",
       "4 2004-03-10  22:00:00     1.6      1272.25        51   6.518224   \n",
       "\n",
       "   PT08.S2(NMHC)  NOx(GT)  PT08.S3(NOx)  NO2(GT)  PT08.S4(NO2)  PT08.S5(O3)  \\\n",
       "0        1045.50    166.0       1056.25    113.0       1692.00      1267.50   \n",
       "1         954.75    103.0       1173.75     92.0       1558.75       972.25   \n",
       "2         939.25    131.0       1140.00    114.0       1554.50      1074.00   \n",
       "3         948.25    172.0       1092.00    122.0       1583.75      1203.25   \n",
       "4         835.50    131.0       1205.00    116.0       1490.00      1110.00   \n",
       "\n",
       "       T         RH        AH  \n",
       "0  13.60  48.875001  0.757754  \n",
       "1  13.30  47.700000  0.725487  \n",
       "2  11.90  53.975000  0.750239  \n",
       "3  11.00  60.000000  0.786713  \n",
       "4  11.15  59.575001  0.788794  "
      ]
     },
     "execution_count": 8,
     "metadata": {},
     "output_type": "execute_result"
    }
   ],
   "source": [
    "df=pd.read_excel(\"AirQualityUCI.xlsx\",na_values=\"-200\")\n",
    "df.head()"
   ]
  },
  {
   "cell_type": "markdown",
   "id": "5ed89e54-a9c4-40b4-974e-87d8252f6132",
   "metadata": {},
   "source": [
    "# Data Cleaning(Handling Missing Values)"
   ]
  },
  {
   "cell_type": "code",
   "execution_count": 15,
   "id": "7b61d2b9-50d5-48ed-9254-c3425ded76a3",
   "metadata": {},
   "outputs": [
    {
     "data": {
      "text/plain": [
       "Date             0\n",
       "Time             0\n",
       "CO(GT)           0\n",
       "PT08.S1(CO)      0\n",
       "NMHC(GT)         0\n",
       "C6H6(GT)         0\n",
       "PT08.S2(NMHC)    0\n",
       "NOx(GT)          0\n",
       "PT08.S3(NOx)     0\n",
       "NO2(GT)          0\n",
       "PT08.S4(NO2)     0\n",
       "PT08.S5(O3)      0\n",
       "T                0\n",
       "RH               0\n",
       "AH               0\n",
       "dtype: int64"
      ]
     },
     "execution_count": 15,
     "metadata": {},
     "output_type": "execute_result"
    }
   ],
   "source": [
    "df.isnull().sum()"
   ]
  },
  {
   "cell_type": "code",
   "execution_count": 14,
   "id": "f5c7bdea-a9eb-4caf-b146-e595b843dcdd",
   "metadata": {},
   "outputs": [],
   "source": [
    "for column in df.drop([\"Date\",\"Time\"],axis=1).columns:\n",
    "    df[column]=df[column].fillna(df[column].median())"
   ]
  },
  {
   "cell_type": "markdown",
   "id": "fcb6debe-0684-4950-8669-90be9a42c2e8",
   "metadata": {},
   "source": [
    "## MAKING CO MY TARGET"
   ]
  },
  {
   "cell_type": "code",
   "execution_count": 30,
   "id": "f317b26a-811c-467e-b2bf-e3d4804e734b",
   "metadata": {},
   "outputs": [],
   "source": [
    "# Convert the 'time' column to datetime (with only time information)\n",
    "df['Time'] = pd.to_datetime(df['Time'], format='%H:%M:%S')\n",
    "\n",
    "# Extract the hour using .dt accessor\n",
    "df['Hour'] = df['Time'].dt.hour\n",
    "\n",
    "df[\"Date\"]=pd.to_datetime(df[\"Date\"])\n",
    "\n",
    "df[\"Day\"]=df[\"Date\"].dt.day\n",
    "\n",
    "df[\"Month\"]=df[\"Date\"].dt.month"
   ]
  },
  {
   "cell_type": "code",
   "execution_count": 33,
   "id": "76cab927-5568-4988-8060-203dbda200e3",
   "metadata": {},
   "outputs": [],
   "source": [
    "df=df.drop([\"Date\",\"Time\"],axis=1)"
   ]
  },
  {
   "cell_type": "code",
   "execution_count": 35,
   "id": "f20314a8-adda-4f75-a4d4-8e91517f889f",
   "metadata": {},
   "outputs": [
    {
     "data": {
      "text/html": [
       "<div>\n",
       "<style scoped>\n",
       "    .dataframe tbody tr th:only-of-type {\n",
       "        vertical-align: middle;\n",
       "    }\n",
       "\n",
       "    .dataframe tbody tr th {\n",
       "        vertical-align: top;\n",
       "    }\n",
       "\n",
       "    .dataframe thead th {\n",
       "        text-align: right;\n",
       "    }\n",
       "</style>\n",
       "<table border=\"1\" class=\"dataframe\">\n",
       "  <thead>\n",
       "    <tr style=\"text-align: right;\">\n",
       "      <th></th>\n",
       "      <th>CO(GT)</th>\n",
       "      <th>PT08.S1(CO)</th>\n",
       "      <th>NMHC(GT)</th>\n",
       "      <th>C6H6(GT)</th>\n",
       "      <th>PT08.S2(NMHC)</th>\n",
       "      <th>NOx(GT)</th>\n",
       "      <th>PT08.S3(NOx)</th>\n",
       "      <th>NO2(GT)</th>\n",
       "      <th>PT08.S4(NO2)</th>\n",
       "      <th>PT08.S5(O3)</th>\n",
       "      <th>T</th>\n",
       "      <th>RH</th>\n",
       "      <th>AH</th>\n",
       "      <th>Hour</th>\n",
       "      <th>Day</th>\n",
       "      <th>Month</th>\n",
       "    </tr>\n",
       "  </thead>\n",
       "  <tbody>\n",
       "    <tr>\n",
       "      <th>CO(GT)</th>\n",
       "      <td>1.000000</td>\n",
       "      <td>0.776959</td>\n",
       "      <td>0.174974</td>\n",
       "      <td>0.809010</td>\n",
       "      <td>0.795978</td>\n",
       "      <td>0.780505</td>\n",
       "      <td>-0.619329</td>\n",
       "      <td>0.656163</td>\n",
       "      <td>0.548470</td>\n",
       "      <td>0.763531</td>\n",
       "      <td>0.005966</td>\n",
       "      <td>0.041100</td>\n",
       "      <td>0.022863</td>\n",
       "      <td>0.329461</td>\n",
       "      <td>0.000360</td>\n",
       "      <td>0.087442</td>\n",
       "    </tr>\n",
       "    <tr>\n",
       "      <th>PT08.S1(CO)</th>\n",
       "      <td>0.776959</td>\n",
       "      <td>1.000000</td>\n",
       "      <td>0.247551</td>\n",
       "      <td>0.883905</td>\n",
       "      <td>0.892996</td>\n",
       "      <td>0.622606</td>\n",
       "      <td>-0.770514</td>\n",
       "      <td>0.563595</td>\n",
       "      <td>0.682361</td>\n",
       "      <td>0.899419</td>\n",
       "      <td>0.049020</td>\n",
       "      <td>0.114421</td>\n",
       "      <td>0.135726</td>\n",
       "      <td>0.320457</td>\n",
       "      <td>-0.018631</td>\n",
       "      <td>-0.038327</td>\n",
       "    </tr>\n",
       "    <tr>\n",
       "      <th>NMHC(GT)</th>\n",
       "      <td>0.174974</td>\n",
       "      <td>0.247551</td>\n",
       "      <td>1.000000</td>\n",
       "      <td>0.135401</td>\n",
       "      <td>0.132763</td>\n",
       "      <td>-0.091697</td>\n",
       "      <td>0.051803</td>\n",
       "      <td>-0.012326</td>\n",
       "      <td>0.210915</td>\n",
       "      <td>0.110387</td>\n",
       "      <td>-0.067027</td>\n",
       "      <td>-0.014157</td>\n",
       "      <td>-0.121803</td>\n",
       "      <td>0.049371</td>\n",
       "      <td>0.063571</td>\n",
       "      <td>-0.230206</td>\n",
       "    </tr>\n",
       "    <tr>\n",
       "      <th>C6H6(GT)</th>\n",
       "      <td>0.809010</td>\n",
       "      <td>0.883905</td>\n",
       "      <td>0.135401</td>\n",
       "      <td>1.000000</td>\n",
       "      <td>0.981633</td>\n",
       "      <td>0.616363</td>\n",
       "      <td>-0.733513</td>\n",
       "      <td>0.533687</td>\n",
       "      <td>0.764612</td>\n",
       "      <td>0.865758</td>\n",
       "      <td>0.199257</td>\n",
       "      <td>-0.061747</td>\n",
       "      <td>0.168411</td>\n",
       "      <td>0.335804</td>\n",
       "      <td>-0.011110</td>\n",
       "      <td>0.125958</td>\n",
       "    </tr>\n",
       "    <tr>\n",
       "      <th>PT08.S2(NMHC)</th>\n",
       "      <td>0.795978</td>\n",
       "      <td>0.892996</td>\n",
       "      <td>0.132763</td>\n",
       "      <td>0.981633</td>\n",
       "      <td>1.000000</td>\n",
       "      <td>0.606237</td>\n",
       "      <td>-0.795768</td>\n",
       "      <td>0.562180</td>\n",
       "      <td>0.776953</td>\n",
       "      <td>0.880645</td>\n",
       "      <td>0.241533</td>\n",
       "      <td>-0.090409</td>\n",
       "      <td>0.187167</td>\n",
       "      <td>0.380565</td>\n",
       "      <td>-0.019698</td>\n",
       "      <td>0.125115</td>\n",
       "    </tr>\n",
       "    <tr>\n",
       "      <th>NOx(GT)</th>\n",
       "      <td>0.780505</td>\n",
       "      <td>0.622606</td>\n",
       "      <td>-0.091697</td>\n",
       "      <td>0.616363</td>\n",
       "      <td>0.606237</td>\n",
       "      <td>1.000000</td>\n",
       "      <td>-0.572460</td>\n",
       "      <td>0.760738</td>\n",
       "      <td>0.200840</td>\n",
       "      <td>0.694866</td>\n",
       "      <td>-0.245858</td>\n",
       "      <td>0.183844</td>\n",
       "      <td>-0.148301</td>\n",
       "      <td>0.213536</td>\n",
       "      <td>-0.024542</td>\n",
       "      <td>0.104709</td>\n",
       "    </tr>\n",
       "    <tr>\n",
       "      <th>PT08.S3(NOx)</th>\n",
       "      <td>-0.619329</td>\n",
       "      <td>-0.770514</td>\n",
       "      <td>0.051803</td>\n",
       "      <td>-0.733513</td>\n",
       "      <td>-0.795768</td>\n",
       "      <td>-0.572460</td>\n",
       "      <td>1.000000</td>\n",
       "      <td>-0.574249</td>\n",
       "      <td>-0.538401</td>\n",
       "      <td>-0.795316</td>\n",
       "      <td>-0.144791</td>\n",
       "      <td>-0.056798</td>\n",
       "      <td>-0.231595</td>\n",
       "      <td>-0.317044</td>\n",
       "      <td>0.025700</td>\n",
       "      <td>-0.059215</td>\n",
       "    </tr>\n",
       "    <tr>\n",
       "      <th>NO2(GT)</th>\n",
       "      <td>0.656163</td>\n",
       "      <td>0.563595</td>\n",
       "      <td>-0.012326</td>\n",
       "      <td>0.533687</td>\n",
       "      <td>0.562180</td>\n",
       "      <td>0.760738</td>\n",
       "      <td>-0.574249</td>\n",
       "      <td>1.000000</td>\n",
       "      <td>0.140267</td>\n",
       "      <td>0.630555</td>\n",
       "      <td>-0.169315</td>\n",
       "      <td>-0.082253</td>\n",
       "      <td>-0.297994</td>\n",
       "      <td>0.331580</td>\n",
       "      <td>-0.016083</td>\n",
       "      <td>-0.167034</td>\n",
       "    </tr>\n",
       "    <tr>\n",
       "      <th>PT08.S4(NO2)</th>\n",
       "      <td>0.548470</td>\n",
       "      <td>0.682361</td>\n",
       "      <td>0.210915</td>\n",
       "      <td>0.764612</td>\n",
       "      <td>0.776953</td>\n",
       "      <td>0.200840</td>\n",
       "      <td>-0.538401</td>\n",
       "      <td>0.140267</td>\n",
       "      <td>1.000000</td>\n",
       "      <td>0.590764</td>\n",
       "      <td>0.561236</td>\n",
       "      <td>-0.032174</td>\n",
       "      <td>0.629515</td>\n",
       "      <td>0.216618</td>\n",
       "      <td>-0.039685</td>\n",
       "      <td>0.171203</td>\n",
       "    </tr>\n",
       "    <tr>\n",
       "      <th>PT08.S5(O3)</th>\n",
       "      <td>0.763531</td>\n",
       "      <td>0.899419</td>\n",
       "      <td>0.110387</td>\n",
       "      <td>0.865758</td>\n",
       "      <td>0.880645</td>\n",
       "      <td>0.694866</td>\n",
       "      <td>-0.795316</td>\n",
       "      <td>0.630555</td>\n",
       "      <td>0.590764</td>\n",
       "      <td>1.000000</td>\n",
       "      <td>-0.026805</td>\n",
       "      <td>0.124789</td>\n",
       "      <td>0.071135</td>\n",
       "      <td>0.239377</td>\n",
       "      <td>-0.030986</td>\n",
       "      <td>0.048352</td>\n",
       "    </tr>\n",
       "    <tr>\n",
       "      <th>T</th>\n",
       "      <td>0.005966</td>\n",
       "      <td>0.049020</td>\n",
       "      <td>-0.067027</td>\n",
       "      <td>0.199257</td>\n",
       "      <td>0.241533</td>\n",
       "      <td>-0.245858</td>\n",
       "      <td>-0.144791</td>\n",
       "      <td>-0.169315</td>\n",
       "      <td>0.561236</td>\n",
       "      <td>-0.026805</td>\n",
       "      <td>1.000000</td>\n",
       "      <td>-0.578564</td>\n",
       "      <td>0.656534</td>\n",
       "      <td>0.202012</td>\n",
       "      <td>-0.032141</td>\n",
       "      <td>0.275201</td>\n",
       "    </tr>\n",
       "    <tr>\n",
       "      <th>RH</th>\n",
       "      <td>0.041100</td>\n",
       "      <td>0.114421</td>\n",
       "      <td>-0.014157</td>\n",
       "      <td>-0.061747</td>\n",
       "      <td>-0.090409</td>\n",
       "      <td>0.183844</td>\n",
       "      <td>-0.056798</td>\n",
       "      <td>-0.082253</td>\n",
       "      <td>-0.032174</td>\n",
       "      <td>0.124789</td>\n",
       "      <td>-0.578564</td>\n",
       "      <td>1.000000</td>\n",
       "      <td>0.167898</td>\n",
       "      <td>-0.289528</td>\n",
       "      <td>-0.019059</td>\n",
       "      <td>0.080118</td>\n",
       "    </tr>\n",
       "    <tr>\n",
       "      <th>AH</th>\n",
       "      <td>0.022863</td>\n",
       "      <td>0.135726</td>\n",
       "      <td>-0.121803</td>\n",
       "      <td>0.168411</td>\n",
       "      <td>0.187167</td>\n",
       "      <td>-0.148301</td>\n",
       "      <td>-0.231595</td>\n",
       "      <td>-0.297994</td>\n",
       "      <td>0.629515</td>\n",
       "      <td>0.071135</td>\n",
       "      <td>0.656534</td>\n",
       "      <td>0.167898</td>\n",
       "      <td>1.000000</td>\n",
       "      <td>-0.018431</td>\n",
       "      <td>-0.070166</td>\n",
       "      <td>0.414068</td>\n",
       "    </tr>\n",
       "    <tr>\n",
       "      <th>Hour</th>\n",
       "      <td>0.329461</td>\n",
       "      <td>0.320457</td>\n",
       "      <td>0.049371</td>\n",
       "      <td>0.335804</td>\n",
       "      <td>0.380565</td>\n",
       "      <td>0.213536</td>\n",
       "      <td>-0.317044</td>\n",
       "      <td>0.331580</td>\n",
       "      <td>0.216618</td>\n",
       "      <td>0.239377</td>\n",
       "      <td>0.202012</td>\n",
       "      <td>-0.289528</td>\n",
       "      <td>-0.018431</td>\n",
       "      <td>1.000000</td>\n",
       "      <td>0.000849</td>\n",
       "      <td>-0.000102</td>\n",
       "    </tr>\n",
       "    <tr>\n",
       "      <th>Day</th>\n",
       "      <td>0.000360</td>\n",
       "      <td>-0.018631</td>\n",
       "      <td>0.063571</td>\n",
       "      <td>-0.011110</td>\n",
       "      <td>-0.019698</td>\n",
       "      <td>-0.024542</td>\n",
       "      <td>0.025700</td>\n",
       "      <td>-0.016083</td>\n",
       "      <td>-0.039685</td>\n",
       "      <td>-0.030986</td>\n",
       "      <td>-0.032141</td>\n",
       "      <td>-0.019059</td>\n",
       "      <td>-0.070166</td>\n",
       "      <td>0.000849</td>\n",
       "      <td>1.000000</td>\n",
       "      <td>-0.010046</td>\n",
       "    </tr>\n",
       "    <tr>\n",
       "      <th>Month</th>\n",
       "      <td>0.087442</td>\n",
       "      <td>-0.038327</td>\n",
       "      <td>-0.230206</td>\n",
       "      <td>0.125958</td>\n",
       "      <td>0.125115</td>\n",
       "      <td>0.104709</td>\n",
       "      <td>-0.059215</td>\n",
       "      <td>-0.167034</td>\n",
       "      <td>0.171203</td>\n",
       "      <td>0.048352</td>\n",
       "      <td>0.275201</td>\n",
       "      <td>0.080118</td>\n",
       "      <td>0.414068</td>\n",
       "      <td>-0.000102</td>\n",
       "      <td>-0.010046</td>\n",
       "      <td>1.000000</td>\n",
       "    </tr>\n",
       "  </tbody>\n",
       "</table>\n",
       "</div>"
      ],
      "text/plain": [
       "                 CO(GT)  PT08.S1(CO)  NMHC(GT)  C6H6(GT)  PT08.S2(NMHC)  \\\n",
       "CO(GT)         1.000000     0.776959  0.174974  0.809010       0.795978   \n",
       "PT08.S1(CO)    0.776959     1.000000  0.247551  0.883905       0.892996   \n",
       "NMHC(GT)       0.174974     0.247551  1.000000  0.135401       0.132763   \n",
       "C6H6(GT)       0.809010     0.883905  0.135401  1.000000       0.981633   \n",
       "PT08.S2(NMHC)  0.795978     0.892996  0.132763  0.981633       1.000000   \n",
       "NOx(GT)        0.780505     0.622606 -0.091697  0.616363       0.606237   \n",
       "PT08.S3(NOx)  -0.619329    -0.770514  0.051803 -0.733513      -0.795768   \n",
       "NO2(GT)        0.656163     0.563595 -0.012326  0.533687       0.562180   \n",
       "PT08.S4(NO2)   0.548470     0.682361  0.210915  0.764612       0.776953   \n",
       "PT08.S5(O3)    0.763531     0.899419  0.110387  0.865758       0.880645   \n",
       "T              0.005966     0.049020 -0.067027  0.199257       0.241533   \n",
       "RH             0.041100     0.114421 -0.014157 -0.061747      -0.090409   \n",
       "AH             0.022863     0.135726 -0.121803  0.168411       0.187167   \n",
       "Hour           0.329461     0.320457  0.049371  0.335804       0.380565   \n",
       "Day            0.000360    -0.018631  0.063571 -0.011110      -0.019698   \n",
       "Month          0.087442    -0.038327 -0.230206  0.125958       0.125115   \n",
       "\n",
       "                NOx(GT)  PT08.S3(NOx)   NO2(GT)  PT08.S4(NO2)  PT08.S5(O3)  \\\n",
       "CO(GT)         0.780505     -0.619329  0.656163      0.548470     0.763531   \n",
       "PT08.S1(CO)    0.622606     -0.770514  0.563595      0.682361     0.899419   \n",
       "NMHC(GT)      -0.091697      0.051803 -0.012326      0.210915     0.110387   \n",
       "C6H6(GT)       0.616363     -0.733513  0.533687      0.764612     0.865758   \n",
       "PT08.S2(NMHC)  0.606237     -0.795768  0.562180      0.776953     0.880645   \n",
       "NOx(GT)        1.000000     -0.572460  0.760738      0.200840     0.694866   \n",
       "PT08.S3(NOx)  -0.572460      1.000000 -0.574249     -0.538401    -0.795316   \n",
       "NO2(GT)        0.760738     -0.574249  1.000000      0.140267     0.630555   \n",
       "PT08.S4(NO2)   0.200840     -0.538401  0.140267      1.000000     0.590764   \n",
       "PT08.S5(O3)    0.694866     -0.795316  0.630555      0.590764     1.000000   \n",
       "T             -0.245858     -0.144791 -0.169315      0.561236    -0.026805   \n",
       "RH             0.183844     -0.056798 -0.082253     -0.032174     0.124789   \n",
       "AH            -0.148301     -0.231595 -0.297994      0.629515     0.071135   \n",
       "Hour           0.213536     -0.317044  0.331580      0.216618     0.239377   \n",
       "Day           -0.024542      0.025700 -0.016083     -0.039685    -0.030986   \n",
       "Month          0.104709     -0.059215 -0.167034      0.171203     0.048352   \n",
       "\n",
       "                      T        RH        AH      Hour       Day     Month  \n",
       "CO(GT)         0.005966  0.041100  0.022863  0.329461  0.000360  0.087442  \n",
       "PT08.S1(CO)    0.049020  0.114421  0.135726  0.320457 -0.018631 -0.038327  \n",
       "NMHC(GT)      -0.067027 -0.014157 -0.121803  0.049371  0.063571 -0.230206  \n",
       "C6H6(GT)       0.199257 -0.061747  0.168411  0.335804 -0.011110  0.125958  \n",
       "PT08.S2(NMHC)  0.241533 -0.090409  0.187167  0.380565 -0.019698  0.125115  \n",
       "NOx(GT)       -0.245858  0.183844 -0.148301  0.213536 -0.024542  0.104709  \n",
       "PT08.S3(NOx)  -0.144791 -0.056798 -0.231595 -0.317044  0.025700 -0.059215  \n",
       "NO2(GT)       -0.169315 -0.082253 -0.297994  0.331580 -0.016083 -0.167034  \n",
       "PT08.S4(NO2)   0.561236 -0.032174  0.629515  0.216618 -0.039685  0.171203  \n",
       "PT08.S5(O3)   -0.026805  0.124789  0.071135  0.239377 -0.030986  0.048352  \n",
       "T              1.000000 -0.578564  0.656534  0.202012 -0.032141  0.275201  \n",
       "RH            -0.578564  1.000000  0.167898 -0.289528 -0.019059  0.080118  \n",
       "AH             0.656534  0.167898  1.000000 -0.018431 -0.070166  0.414068  \n",
       "Hour           0.202012 -0.289528 -0.018431  1.000000  0.000849 -0.000102  \n",
       "Day           -0.032141 -0.019059 -0.070166  0.000849  1.000000 -0.010046  \n",
       "Month          0.275201  0.080118  0.414068 -0.000102 -0.010046  1.000000  "
      ]
     },
     "execution_count": 35,
     "metadata": {},
     "output_type": "execute_result"
    }
   ],
   "source": [
    "df.corr()"
   ]
  },
  {
   "cell_type": "code",
   "execution_count": 48,
   "id": "412958bd-ecca-4ce3-ad89-d3e833ac4c83",
   "metadata": {},
   "outputs": [],
   "source": [
    "X=df.drop([\"T\",\"RH\",\"AH\",\"Day\",\"Month\",\"CO(GT)\"],axis=1)\n",
    "y=df[\"CO(GT)\"]"
   ]
  },
  {
   "cell_type": "code",
   "execution_count": 41,
   "id": "6e0c1d41-84f3-45d2-b1ff-e9185da726b7",
   "metadata": {},
   "outputs": [
    {
     "data": {
      "text/html": [
       "<div>\n",
       "<style scoped>\n",
       "    .dataframe tbody tr th:only-of-type {\n",
       "        vertical-align: middle;\n",
       "    }\n",
       "\n",
       "    .dataframe tbody tr th {\n",
       "        vertical-align: top;\n",
       "    }\n",
       "\n",
       "    .dataframe thead th {\n",
       "        text-align: right;\n",
       "    }\n",
       "</style>\n",
       "<table border=\"1\" class=\"dataframe\">\n",
       "  <thead>\n",
       "    <tr style=\"text-align: right;\">\n",
       "      <th></th>\n",
       "      <th>CO(GT)</th>\n",
       "      <th>PT08.S1(CO)</th>\n",
       "      <th>NMHC(GT)</th>\n",
       "      <th>C6H6(GT)</th>\n",
       "      <th>PT08.S2(NMHC)</th>\n",
       "      <th>NOx(GT)</th>\n",
       "      <th>PT08.S3(NOx)</th>\n",
       "      <th>NO2(GT)</th>\n",
       "      <th>PT08.S4(NO2)</th>\n",
       "      <th>PT08.S5(O3)</th>\n",
       "      <th>T</th>\n",
       "      <th>RH</th>\n",
       "      <th>AH</th>\n",
       "      <th>Hour</th>\n",
       "      <th>Day</th>\n",
       "      <th>Month</th>\n",
       "    </tr>\n",
       "  </thead>\n",
       "  <tbody>\n",
       "    <tr>\n",
       "      <th>count</th>\n",
       "      <td>9357.000000</td>\n",
       "      <td>9357.000000</td>\n",
       "      <td>9357.000000</td>\n",
       "      <td>9357.000000</td>\n",
       "      <td>9357.000000</td>\n",
       "      <td>9357.000000</td>\n",
       "      <td>9357.000000</td>\n",
       "      <td>9357.000000</td>\n",
       "      <td>9357.000000</td>\n",
       "      <td>9357.000000</td>\n",
       "      <td>9357.000000</td>\n",
       "      <td>9357.000000</td>\n",
       "      <td>9357.000000</td>\n",
       "      <td>9357.000000</td>\n",
       "      <td>9357.000000</td>\n",
       "      <td>9357.000000</td>\n",
       "    </tr>\n",
       "    <tr>\n",
       "      <th>mean</th>\n",
       "      <td>2.089302</td>\n",
       "      <td>1098.272025</td>\n",
       "      <td>-159.090093</td>\n",
       "      <td>10.010899</td>\n",
       "      <td>937.854610</td>\n",
       "      <td>235.131100</td>\n",
       "      <td>834.202567</td>\n",
       "      <td>112.360329</td>\n",
       "      <td>1456.401901</td>\n",
       "      <td>1020.452175</td>\n",
       "      <td>18.293913</td>\n",
       "      <td>49.244785</td>\n",
       "      <td>1.024351</td>\n",
       "      <td>11.498557</td>\n",
       "      <td>15.876884</td>\n",
       "      <td>6.310356</td>\n",
       "    </tr>\n",
       "    <tr>\n",
       "      <th>std</th>\n",
       "      <td>1.323024</td>\n",
       "      <td>212.915093</td>\n",
       "      <td>139.789093</td>\n",
       "      <td>7.311212</td>\n",
       "      <td>261.622644</td>\n",
       "      <td>195.093027</td>\n",
       "      <td>251.808390</td>\n",
       "      <td>43.938455</td>\n",
       "      <td>339.367768</td>\n",
       "      <td>390.779481</td>\n",
       "      <td>8.659092</td>\n",
       "      <td>16.974420</td>\n",
       "      <td>0.395879</td>\n",
       "      <td>6.923182</td>\n",
       "      <td>8.808653</td>\n",
       "      <td>3.438160</td>\n",
       "    </tr>\n",
       "    <tr>\n",
       "      <th>min</th>\n",
       "      <td>0.100000</td>\n",
       "      <td>647.250000</td>\n",
       "      <td>-200.000000</td>\n",
       "      <td>0.149048</td>\n",
       "      <td>383.250000</td>\n",
       "      <td>2.000000</td>\n",
       "      <td>322.000000</td>\n",
       "      <td>2.000000</td>\n",
       "      <td>551.000000</td>\n",
       "      <td>221.000000</td>\n",
       "      <td>-1.900000</td>\n",
       "      <td>9.175000</td>\n",
       "      <td>0.184679</td>\n",
       "      <td>0.000000</td>\n",
       "      <td>1.000000</td>\n",
       "      <td>1.000000</td>\n",
       "    </tr>\n",
       "    <tr>\n",
       "      <th>25%</th>\n",
       "      <td>1.200000</td>\n",
       "      <td>941.250000</td>\n",
       "      <td>-200.000000</td>\n",
       "      <td>4.591495</td>\n",
       "      <td>742.500000</td>\n",
       "      <td>112.000000</td>\n",
       "      <td>665.500000</td>\n",
       "      <td>85.900000</td>\n",
       "      <td>1241.500000</td>\n",
       "      <td>741.750000</td>\n",
       "      <td>12.025000</td>\n",
       "      <td>36.550000</td>\n",
       "      <td>0.746115</td>\n",
       "      <td>5.000000</td>\n",
       "      <td>8.000000</td>\n",
       "      <td>3.000000</td>\n",
       "    </tr>\n",
       "    <tr>\n",
       "      <th>50%</th>\n",
       "      <td>1.800000</td>\n",
       "      <td>1063.000000</td>\n",
       "      <td>-200.000000</td>\n",
       "      <td>8.239851</td>\n",
       "      <td>909.000000</td>\n",
       "      <td>179.800000</td>\n",
       "      <td>805.500000</td>\n",
       "      <td>109.000000</td>\n",
       "      <td>1462.750000</td>\n",
       "      <td>963.250000</td>\n",
       "      <td>17.750000</td>\n",
       "      <td>49.550000</td>\n",
       "      <td>0.995395</td>\n",
       "      <td>11.000000</td>\n",
       "      <td>16.000000</td>\n",
       "      <td>6.000000</td>\n",
       "    </tr>\n",
       "    <tr>\n",
       "      <th>75%</th>\n",
       "      <td>2.600000</td>\n",
       "      <td>1221.250000</td>\n",
       "      <td>-200.000000</td>\n",
       "      <td>13.636091</td>\n",
       "      <td>1104.750000</td>\n",
       "      <td>284.200000</td>\n",
       "      <td>960.250000</td>\n",
       "      <td>133.000000</td>\n",
       "      <td>1662.000000</td>\n",
       "      <td>1255.250000</td>\n",
       "      <td>24.075000</td>\n",
       "      <td>61.875000</td>\n",
       "      <td>1.296223</td>\n",
       "      <td>18.000000</td>\n",
       "      <td>23.000000</td>\n",
       "      <td>9.000000</td>\n",
       "    </tr>\n",
       "    <tr>\n",
       "      <th>max</th>\n",
       "      <td>11.900000</td>\n",
       "      <td>2039.750000</td>\n",
       "      <td>1189.000000</td>\n",
       "      <td>63.741476</td>\n",
       "      <td>2214.000000</td>\n",
       "      <td>1479.000000</td>\n",
       "      <td>2682.750000</td>\n",
       "      <td>339.700000</td>\n",
       "      <td>2775.000000</td>\n",
       "      <td>2522.750000</td>\n",
       "      <td>44.600000</td>\n",
       "      <td>88.725000</td>\n",
       "      <td>2.231036</td>\n",
       "      <td>23.000000</td>\n",
       "      <td>31.000000</td>\n",
       "      <td>12.000000</td>\n",
       "    </tr>\n",
       "  </tbody>\n",
       "</table>\n",
       "</div>"
      ],
      "text/plain": [
       "            CO(GT)  PT08.S1(CO)     NMHC(GT)     C6H6(GT)  PT08.S2(NMHC)  \\\n",
       "count  9357.000000  9357.000000  9357.000000  9357.000000    9357.000000   \n",
       "mean      2.089302  1098.272025  -159.090093    10.010899     937.854610   \n",
       "std       1.323024   212.915093   139.789093     7.311212     261.622644   \n",
       "min       0.100000   647.250000  -200.000000     0.149048     383.250000   \n",
       "25%       1.200000   941.250000  -200.000000     4.591495     742.500000   \n",
       "50%       1.800000  1063.000000  -200.000000     8.239851     909.000000   \n",
       "75%       2.600000  1221.250000  -200.000000    13.636091    1104.750000   \n",
       "max      11.900000  2039.750000  1189.000000    63.741476    2214.000000   \n",
       "\n",
       "           NOx(GT)  PT08.S3(NOx)      NO2(GT)  PT08.S4(NO2)  PT08.S5(O3)  \\\n",
       "count  9357.000000   9357.000000  9357.000000   9357.000000  9357.000000   \n",
       "mean    235.131100    834.202567   112.360329   1456.401901  1020.452175   \n",
       "std     195.093027    251.808390    43.938455    339.367768   390.779481   \n",
       "min       2.000000    322.000000     2.000000    551.000000   221.000000   \n",
       "25%     112.000000    665.500000    85.900000   1241.500000   741.750000   \n",
       "50%     179.800000    805.500000   109.000000   1462.750000   963.250000   \n",
       "75%     284.200000    960.250000   133.000000   1662.000000  1255.250000   \n",
       "max    1479.000000   2682.750000   339.700000   2775.000000  2522.750000   \n",
       "\n",
       "                 T           RH           AH         Hour          Day  \\\n",
       "count  9357.000000  9357.000000  9357.000000  9357.000000  9357.000000   \n",
       "mean     18.293913    49.244785     1.024351    11.498557    15.876884   \n",
       "std       8.659092    16.974420     0.395879     6.923182     8.808653   \n",
       "min      -1.900000     9.175000     0.184679     0.000000     1.000000   \n",
       "25%      12.025000    36.550000     0.746115     5.000000     8.000000   \n",
       "50%      17.750000    49.550000     0.995395    11.000000    16.000000   \n",
       "75%      24.075000    61.875000     1.296223    18.000000    23.000000   \n",
       "max      44.600000    88.725000     2.231036    23.000000    31.000000   \n",
       "\n",
       "             Month  \n",
       "count  9357.000000  \n",
       "mean      6.310356  \n",
       "std       3.438160  \n",
       "min       1.000000  \n",
       "25%       3.000000  \n",
       "50%       6.000000  \n",
       "75%       9.000000  \n",
       "max      12.000000  "
      ]
     },
     "execution_count": 41,
     "metadata": {},
     "output_type": "execute_result"
    }
   ],
   "source": [
    "df.describe()"
   ]
  },
  {
   "cell_type": "code",
   "execution_count": 49,
   "id": "9e285576-f001-46e5-842a-6c231c7730ed",
   "metadata": {},
   "outputs": [],
   "source": [
    "from sklearn.model_selection import train_test_split\n",
    "\n",
    "X_train,X_test,y_train,y_test=train_test_split(X,y,random_state=42,test_size=0.3)"
   ]
  },
  {
   "cell_type": "code",
   "execution_count": 51,
   "id": "3049f0fa-402d-445e-86b5-3409e97b1aa4",
   "metadata": {},
   "outputs": [
    {
     "data": {
      "text/plain": [
       "Index(['PT08.S1(CO)', 'NMHC(GT)', 'C6H6(GT)', 'PT08.S2(NMHC)', 'NOx(GT)',\n",
       "       'PT08.S3(NOx)', 'NO2(GT)', 'PT08.S4(NO2)', 'PT08.S5(O3)'],\n",
       "      dtype='object')"
      ]
     },
     "execution_count": 51,
     "metadata": {},
     "output_type": "execute_result"
    }
   ],
   "source": [
    "columns_to_scale=X.columns[X.columns !=\"Hour\"]\n",
    "columns_to_scale"
   ]
  },
  {
   "cell_type": "code",
   "execution_count": 52,
   "id": "954839e0-8192-456c-8b38-e8115bc7aab9",
   "metadata": {},
   "outputs": [
    {
     "data": {
      "text/plain": [
       "0.8618422874295061"
      ]
     },
     "execution_count": 52,
     "metadata": {},
     "output_type": "execute_result"
    }
   ],
   "source": [
    "from sklearn.preprocessing import PolynomialFeatures\n",
    "from sklearn.pipeline import Pipeline\n",
    "from sklearn.linear_model import LinearRegression\n",
    "from sklearn.preprocessing import StandardScaler\n",
    "\n",
    "pipe=Pipeline([\n",
    "    (\"scaler\",StandardScaler()),\n",
    "    (\"poly\",PolynomialFeatures(degree=2)),\n",
    "    (\"model\",LinearRegression())\n",
    "])\n",
    "\n",
    "pipe.fit(X_train,y_train)\n",
    "pipe.score(X_test,y_test)"
   ]
  },
  {
   "cell_type": "code",
   "execution_count": 56,
   "id": "3ea14e88-82da-4b3c-8ff7-2442264becb8",
   "metadata": {},
   "outputs": [
    {
     "data": {
      "text/plain": [
       "0.8758112300176242"
      ]
     },
     "execution_count": 56,
     "metadata": {},
     "output_type": "execute_result"
    }
   ],
   "source": [
    "from sklearn.ensemble import BaggingRegressor\n",
    "from sklearn.tree import DecisionTreeRegressor\n",
    "pipe=Pipeline([\n",
    "    (\"scaler\",StandardScaler()),\n",
    "    (\"poly\",PolynomialFeatures(degree=2)),\n",
    "    (\"model\",BaggingRegressor(estimator=DecisionTreeRegressor()))\n",
    "])\n",
    "\n",
    "pipe.fit(X_train,y_train)\n",
    "pipe.score(X_test,y_test)"
   ]
  },
  {
   "cell_type": "code",
   "execution_count": 61,
   "id": "91340347-ed9b-420d-8aa8-0252976530fb",
   "metadata": {},
   "outputs": [
    {
     "data": {
      "text/plain": [
       "0.8847144068454579"
      ]
     },
     "execution_count": 61,
     "metadata": {},
     "output_type": "execute_result"
    }
   ],
   "source": [
    "from xgboost import XGBRegressor\n",
    "\n",
    "pipe=Pipeline([\n",
    "    (\"scaler\",StandardScaler()),\n",
    "    (\"poly\",PolynomialFeatures(degree=2)),\n",
    "    (\"model\",XGBRegressor())\n",
    "])\n",
    "pipe.fit(X_train,y_train)\n",
    "pipe.score(X_test,y_test)"
   ]
  },
  {
   "cell_type": "code",
   "execution_count": null,
   "id": "3f8f08a6-2899-4c13-8bb7-cd34d9101b99",
   "metadata": {},
   "outputs": [],
   "source": []
  }
 ],
 "metadata": {
  "kernelspec": {
   "display_name": "Python 3 (ipykernel)",
   "language": "python",
   "name": "python3"
  },
  "language_info": {
   "codemirror_mode": {
    "name": "ipython",
    "version": 3
   },
   "file_extension": ".py",
   "mimetype": "text/x-python",
   "name": "python",
   "nbconvert_exporter": "python",
   "pygments_lexer": "ipython3",
   "version": "3.11.7"
  }
 },
 "nbformat": 4,
 "nbformat_minor": 5
}
